0
1.25
2.50
3.75
5.00
6.25
7.50
8.75
10.00
11.25
12.50
13.75
15.00
16.25
17.50
18.75
20.00
21.25
22.50
23.75
25.00
26.25
27.50
28.75
30.00
31.25
32.50
33.75
35.00
36.25
37.50
38.75
40.00
41.25
42.50
43.75
45.00
46.25
47.50
48.75
50.00
51.25
52.50
53.75
55.00
56.25
57.50
58.75
60.00
61.25
62.50
63.75
65.00
66.25
67.50
68.75
70.00
71.25
72.50
73.75
75.00
76.25
77.50
78.75
80.00
81.25
82.50
83.75
85.00
86.25
87.50
88.75
90.00
91.25
92.50
93.75
95.00
96.25
97.50
98.75
100.00
101.25
102.50
103.75
105.00
106.25
107.50
108.75
110.00
111.25
112.50
113.75
115.00
116.25
117.50
118.75
120.00
121.25
122.50
123.75
125.00
126.25
127.50
128.75
130.00
131.25
132.50
133.75
135.00
136.25
137.50
138.75
140.00
141.25
142.50
143.75
145.00
146.25
147.50
148.75
150.00
151.25
152.50
153.75
155.00
156.25
157.50
158.75
160.00
161.25
162.50
163.75
165.00
166.25
167.50
168.75
170.00
171.25
172.50
173.75
175.00
176.25
177.50
178.75
180.00
181.25
182.50
183.75
185.00
186.25
187.50
188.75
190.00
191.25
192.50
193.75
195.00
196.25
197.50
198.75
200.00
201.25
202.50
203.75
205.00
206.25
207.50
208.75
210.00
211.25
212.50
213.75
215.00
216.25
217.50
218.75
220.00
221.25
222.50
223.75
225.00
226.25
227.50
228.75
230.00
231.25
232.50
233.75
235.00
236.25
237.50
238.75
240.00
241.25
242.50
243.75
245.00
246.25
247.50
248.75
250.00
251.25
252.50
253.75
255.00
256.25
257.50
258.75
260.00
261.25
262.50
263.75
265.00
266.25
267.50
268.75
270.00
271.25
272.50
273.75
275.00
276.25
277.50
278.75
280.00
281.25
282.50
283.75
285.00
286.25
287.50
288.75
290.00
291.25
292.50
293.75
295.00
296.25
297.50
298.75
300.00
301.25
302.50
303.75
305.00
306.25
307.50
308.75
310.00
311.25
312.50
313.75
315.00
316.25
317.50
318.75
320.00
321.25
322.50
323.75
325.00
326.25
327.50
328.75
330.00
331.25
332.50
333.75
335.00
336.25
337.50
338.75
340.00
341.25
342.50
343.75
345.00
346.25
347.50
348.75
350.00
351.25
352.50
353.75
355.00
356.25
357.50
358.75
360.00
