90.00
88.75
87.50
86.25
85.00
83.75
82.50
81.25
80.00
78.75
77.50
76.25
75.00
73.75
72.50
71.25
70.00
68.75
67.50
66.25
65.00
63.75
62.50
61.25
60.00
58.75
57.50
56.25
55.00
53.75
52.50
51.25
50.00
48.75
47.50
46.25
45.00
43.75
42.50
41.25
40.00
38.75
37.50
36.25
35.00
33.75
32.50
31.25
30.00
28.75
27.50
26.25
25.00
23.75
22.50
21.25
20.00
18.75
17.50
16.25
15.00
13.75
12.50
11.25
10.00
8.75
7.50
6.25
5.00
3.75
2.50
1.25
0
-1.25
-2.50
-3.75
-5.00
-6.25
-7.50
-8.75
-10.00
-11.25
-12.50
-13.75
-15.00
-16.25
-17.50
-18.75
-20.00
-21.25
-22.50
-23.75
-25.00
-26.25
-27.50
-28.75
-30.00
-31.25
-32.50
-33.75
-35.00
-36.25
-37.50
-38.75
-40.00
-41.25
-42.50
-43.75
-45.00
-46.25
-47.50
-48.75
-50.00
-51.25
-52.50
-53.75
-55.00
-56.25
-57.50
-58.75
-60.00
-61.25
-62.50
-63.75
-65.00
-66.25
-67.50
-68.75
-70.00
-71.25
-72.50
-73.75
-75.00
-76.25
-77.50
-78.75
-80.00
-81.25
-82.50
-83.75
-85.00
-86.25
-87.50
-88.75
-90.00
